     0.52206662  0.00030062585  -0.0013533959     0.12110225  1 0 0 0 0
   -0.039096295   0.0029907353  -0.0064155569  -0.0094454896  2 0 0 0 0
    0.011617033  -0.0026386135    0.019362371    0.018086362  3 0 0 0 0
   -0.013935963    -0.02983709    0.082825024    -0.27783632  4 0 0 0 0
  -0.0056853587   -0.061709744      1.1399335  0.00011360549  0 1 0 0 0
    -0.49344957    -0.11578503     0.34081298    0.018782823  1 1 0 0 0
      0.2206847     0.95560367     -1.6794176   -0.050228165  2 1 0 0 0
     0.55523955     0.26388504    -0.47968753    -0.15107666  3 1 0 0 0
     0.03310001    0.078398838    -0.16051783     -0.1909568  0 2 0 0 0
     0.25456189    -0.24122762     0.57983293   -0.060223424  1 2 0 0 0
    -0.61376423      -2.966867      5.0695225      4.5625488  2 2 0 0 0
       1.112358      3.4217629     -9.3305863     0.10203511  0 3 0 0 0
      7.0528259      43.063987     -90.509847      1.2195618  1 3 0 0 0
     -5.2159989     -9.3328371      23.822512      25.125975  0 4 0 0 0
    -0.41276226  -0.0043029097    0.012880396   -0.060976788  0 0 1 0 0
    0.034955774  -0.0081542642    0.018313763    0.067117113  1 0 1 0 0
   -0.061377105    0.013409675    -0.13091923    -0.19567326  2 0 1 0 0
     0.10785294     0.12346085    -0.25341723     0.93583708  3 0 1 0 0
     0.40740779     0.29670398    -0.69829246    -0.03130429  0 1 1 0 0
    -0.41721998     -3.5841253      6.4079253      0.1008897  1 1 1 0 0
     -2.3128779     0.38741592     -1.2429462     0.47164812  2 1 1 0 0
     -0.1213016    0.090635914    -0.76355369     0.59778958  0 2 1 0 0
      2.3188348      9.3256887     -14.547562     -8.4868799  1 2 1 0 0
     -9.8180859     -68.573951       155.5615     -2.1881497  0 3 1 0 0
    0.017001587    0.015265128   -0.037309486   -0.031478364  0 0 2 0 0
     0.12556047   -0.063522572     0.42192765     0.49396369  1 0 2 0 0
    -0.44239797    -0.22257312    -0.08358526     -1.5907635  2 0 2 0 0
     0.35597354       3.120866     -6.0889452    -0.12633545  0 1 2 0 0
       2.033551     -1.7673606      4.4501481    -0.21564813  1 1 2 0 0
     -2.0591957       -7.28536      10.613699      5.6861064  0 2 2 0 0
   -0.073347176    0.095773118     -0.4913768    -0.43004554  0 0 3 0 0
     0.94939659     0.10565892      1.2545589      1.5645117  1 0 3 0 0
     0.61933673     0.68155016     -2.1555148    -0.38246167  0 1 3 0 0
    -0.71578392    0.075563285     -1.3210212    -0.76687593  0 0 4 0 0
   0.0059220784       1.047454     -2.7792872  -0.0042417756  0 0 0 1 0
      1.1927082    0.068693221    -0.41221334    -0.04441045  1 0 0 1 0
     -0.4031647    -0.81920388      1.2823005    0.086053908  2 0 0 1 0
    -0.25099163    -0.36417118     0.33024447     0.52241436  3 0 0 1 0
  -0.0066736125    -0.40767852     0.88564051     0.41413426  0 1 0 1 0
    -0.91002255     0.63063994      -1.394664     0.47388079  1 1 0 1 0
      2.1865002        8.80669     -14.836319     -11.136996  2 1 0 1 0
     -3.1299548     -24.869559      63.423261    -0.88990346  0 2 0 1 0
     -38.446951      -164.7215        365.849     -2.7864461  1 2 0 1 0
      27.511515      86.995615     -216.31651      -42.09229  0 3 0 1 0
    -0.94019378    -0.36270799     0.93193599    0.038195859  0 0 1 1 0
      1.0195146      3.1009814      -4.920114   -0.058650393  1 0 1 1 0
     0.34983127     0.47978142     0.75726254     -1.5880685  2 0 1 1 0
     0.55599959    -0.60841259      2.8240096     -2.2175904  0 1 1 1 0
     -11.521083     -27.659256       40.53732       25.78831  1 1 1 1 0
       39.95454      378.80272     -865.40216      10.939614  0 2 1 1 0
    -0.96081597     -2.7594263       4.699186    0.052495298  0 0 2 1 0
      2.1529134     0.99790624     -3.7427661      1.3806102  1 0 2 1 0
       11.91391      23.863913     -33.186347     -19.635194  0 1 2 1 0
     -3.9065691     -1.0230464      2.4247344     0.13196553  0 0 3 1 0
    0.024501815     0.46037443     -1.0969143    -0.21911743  0 0 0 2 0
     0.76751152    -0.69275456      1.2225954    -0.40577657  1 0 0 2 0
     -2.7958601     -7.4324589      12.508176      8.9348505  2 0 0 2 0
      3.7673785      55.828651     -141.01523     0.37556538  0 1 0 2 0
       78.95637      262.80284     -621.68914     0.19271168  1 1 0 2 0
     -64.861953     -261.01721      661.23259     -105.93568  0 2 0 2 0
     -1.0575218     0.73563478     -2.3257503      2.0153068  0 0 1 2 0
      14.650429      24.713982     -34.580103     -22.448747  1 0 1 2 0
     -74.312767     -756.02299      1754.3115       -14.3558  0 1 1 2 0
     -15.959161     -22.833953      31.239689       18.16512  0 0 2 2 0
     -2.1722772     -41.208974      105.09108      1.2321244  0 0 0 3 0
     -57.604756     -167.53447      418.12193      2.0992991  1 0 0 3 0
      71.157305      357.76015     -917.94482      300.61972  0 1 0 3 0
      54.588124      531.90495     -1256.6837      3.3531486  0 0 1 3 0
     -24.979392      -196.5035      503.97329     -205.81071  0 0 0 4 0
  6.3698762e-15  7.2936225e-15 -1.9197557e-14  -6.413301e-14  0 0 0 0 1
 -4.2873422e-15 -1.2709438e-15  5.9215704e-15  6.1128744e-14  1 0 0 0 1
 -7.7030694e-15 -4.8731569e-14  1.1021697e-13  1.1844332e-14  2 0 0 0 1
 -4.3390348e-15 -8.1388881e-15  3.5799488e-14  2.0411446e-14  3 0 0 0 1
  1.7236934e-13  4.2950781e-13 -8.8761499e-13 -2.1708767e-13  0 1 0 0 1
   4.601335e-14  8.4936301e-14 -1.9178592e-13 -1.0456082e-13  1 1 0 0 1
  1.0065484e-13  2.8292549e-13 -5.9446433e-13 -1.5014562e-13  2 1 0 0 1
 -2.7528738e-13 -7.1238332e-13  1.4807991e-12  4.3789415e-13  0 2 0 0 1
 -1.4913512e-13 -4.1181224e-13  8.5621203e-13  1.9800993e-13  1 2 0 0 1
 -5.2681442e-13 -1.3674321e-12  2.8600182e-12  7.5885749e-13  0 3 0 0 1
 -1.6660568e-14 -5.1984028e-14  9.8386937e-14  4.9948544e-15  0 0 1 0 1
 -3.5011271e-15  6.2496861e-14 -1.4413319e-13  5.9763393e-14  1 0 1 0 1
 -8.1513242e-14 -5.3531987e-14  7.6096291e-14  1.7947244e-13  2 0 1 0 1
  5.7612966e-14  1.2002414e-13 -1.9226145e-13  -1.376103e-13  0 1 1 0 1
  1.2373758e-13  3.1422627e-13  -6.386265e-13 -2.4577756e-13  1 1 1 0 1
  6.5892014e-14  7.7439144e-14 -1.0489322e-13 -1.6122959e-13  0 2 1 0 1
  6.2762862e-14  7.2732588e-14 -1.2980663e-13 -1.3310624e-13  0 0 2 0 1
  1.5399699e-14 -1.1672105e-14  7.2516258e-14 -7.3059254e-14  1 0 2 0 1
 -1.6823193e-13 -7.0684244e-13  1.5469508e-12  2.0104673e-13  0 1 2 0 1
  1.8724161e-13  4.8367352e-13 -9.8185053e-13 -3.3758252e-13  0 0 3 0 1
 -3.1019473e-13 -8.7289413e-13  1.8042534e-12  5.1275573e-13  0 0 0 1 1
 -1.5879876e-13  -3.263189e-13  7.0387182e-13  2.2646665e-13  1 0 0 1 1
 -1.8045937e-13 -4.3435176e-13  8.8743708e-13  3.0459302e-13  2 0 0 1 1
  2.8942839e-13  8.1675005e-13 -1.7035574e-12 -4.0885987e-13  0 1 0 1 1
  9.2374678e-14  2.9376689e-13 -6.4424017e-13 -7.8436192e-14  1 1 0 1 1
 -3.7507499e-13  -9.314476e-13   1.898262e-12  6.4128446e-13  0 2 0 1 1
 -1.7789532e-13 -2.5193182e-13   5.407658e-13  3.0065185e-13  0 0 1 1 1
 -1.8310414e-13 -5.5577964e-13  1.1202679e-12  3.6147943e-13  1 0 1 1 1
  1.4588865e-13  3.2089085e-13 -6.3158482e-13 -2.4109967e-13  0 1 1 1 1
 -3.5251039e-13 -9.2231175e-13  1.8845292e-12  5.9735346e-13  0 0 2 1 1
  2.4919119e-13  6.6696456e-13 -1.3579041e-12 -4.6231108e-13  0 0 0 2 1
  9.2852161e-14  1.8469611e-13 -3.6547572e-13  -1.468172e-13  1 0 0 2 1
 -2.0934597e-13 -6.3318451e-13  1.3426022e-12  3.4540846e-13  0 1 0 2 1
  1.5355298e-13  7.8172915e-13 -1.7290307e-12 -1.8207906e-13  0 0 1 2 1
 -1.0316687e-13   -4.10399e-13  8.6413735e-13  2.1181558e-13  0 0 0 3 1
 -1.2578541e-14 -1.5376374e-13  3.0205128e-13 -5.0247525e-16  0 0 0 0 2
  4.2858908e-14  1.2352697e-13 -2.8458102e-13  -6.888936e-14  1 0 0 0 2
 -8.2985309e-15 -1.1995155e-13  2.3219215e-13 -2.4735696e-14  2 0 0 0 2
 -1.6429006e-13 -3.5333908e-13  7.0524438e-13  2.6384185e-13  0 1 0 0 2
 -6.0870145e-15  9.7919435e-14 -2.4744765e-13  4.4191236e-14  1 1 0 0 2
  2.5421807e-13  7.6412968e-13 -1.6215656e-12  -3.635184e-13  0 2 0 0 2
 -2.9016852e-14 -1.4969939e-13  3.1217041e-13  7.2845852e-14  0 0 1 0 2
 -1.4029041e-13 -4.3201452e-13  8.8820998e-13  1.4068301e-13  1 0 1 0 2
  3.8125248e-14 -3.1513932e-14  1.0202499e-13 -7.4781667e-14  0 1 1 0 2
 -2.1418634e-13 -5.3708649e-13  1.0990746e-12  3.3296378e-13  0 0 2 0 2
 -9.7993546e-14  -3.125816e-13  6.8409211e-13  1.2209298e-13  0 0 0 1 2
  -3.957714e-14 -2.7179192e-13  6.3593401e-13 -1.5887972e-14  1 0 0 1 2
    1.24265e-13  4.6032522e-13 -9.9972083e-13 -1.8722905e-13  0 1 0 1 2
  3.2106164e-14  2.2031551e-13 -4.9760405e-13 -2.8234924e-14  0 0 1 1 2
  2.9469449e-14  8.1029169e-16  2.3818841e-14 -4.5383534e-14  0 0 0 2 2
 -1.4300029e-15 -7.2683892e-14  1.7367118e-13 -3.5954995e-14  0 0 0 0 3
 -9.3021522e-15 -6.8277537e-14   1.627795e-13 -3.7414009e-15  1 0 0 0 3
 -3.9987802e-15 -2.0773039e-14  4.2850236e-14  1.6387945e-14  0 1 0 0 3
  3.6163799e-16  8.7617747e-16 -7.6788916e-16 -8.7181811e-15  0 0 1 0 3
  7.4328748e-15  4.1931265e-14 -9.8575527e-14 -6.6721471e-15  0 0 0 1 3
   4.188095e-15  1.8557443e-14 -4.6279315e-14  8.4072845e-15  0 0 0 0 4
