126
  -0.000307633408  1.68864478e-05 -0.000812188267      0.27750326  0 0 0 0 0
      0.529348625   0.00591300776   -0.0043474522      0.12110225  1 0 0 0 0
    -0.0573950841    0.0145450473    0.0227049879   -0.0094454896  2 0 0 0 0
      0.029329649  -0.00559726937   -0.0447080978     0.018086362  3 0 0 0 0
    0.00493698315    -0.152452437    0.0715670876     -0.27783632  4 0 0 0 0
   -0.00218899629   -0.0632131785      1.13338926   0.00011360549  0 1 0 0 0
     -0.364836914    -0.146264444     0.426002799     0.018782823  1 1 0 0 0
     0.0865800215     0.480099904      -1.5735199    -0.050228165  2 1 0 0 0
    0.00568755675     0.676802974     -1.77746382     -0.15107666  3 1 0 0 0
    -0.0346268615    0.0667719449     0.213703245      -0.1909568  0 2 0 0 0
     -0.719146548    -0.979332005     0.923743812    -0.060223424  1 2 0 0 0
       1.30640509     -2.41473272      6.14136698       4.5625488  2 2 0 0 0
      0.185857643      4.69849638     -4.96539365      0.10203511  0 3 0 0 0
       7.24599691      44.5139004     -93.2201182       1.2195618  1 3 0 0 0
        3.3905772     -30.2937477      17.9804334       25.125975  0 4 0 0 0
     -0.429779874   -0.0106370689  -0.00255886705    -0.060976788  0 0 1 0 0
      0.114420205    0.0184690289    -0.098063957     0.067117113  1 0 1 0 0
     -0.205385905    -0.122772951     0.488726323     -0.19567326  2 0 1 0 0
      0.156990747     0.502627895    -0.660189108      0.93583708  3 0 1 0 0
      0.250886538     0.272511033    -0.722979647     -0.03130429  0 1 1 0 0
     0.0413498632     -1.96204177      6.00337347       0.1008897  1 1 1 0 0
     -0.669366093     -1.64014704       2.6790906      0.47164812  2 1 1 0 0
       2.00128281      2.48296745     -1.28041336      0.59778958  0 2 1 0 0
      -7.29472695      3.41632751     -13.4524628      -8.4868799  1 2 1 0 0
      -9.84668084     -71.5907978      146.443945      -2.1881497  0 3 1 0 0
    -0.0919051147   -0.0527311717      0.07917146    -0.031478364  0 0 2 0 0
      0.529451335     0.488822381     -1.35234681      0.49396369  1 0 2 0 0
     -0.821947655     -1.27127179      2.38362173      -1.5907635  2 0 2 0 0
    -0.0473710682      1.97296901     -5.63830532     -0.12633545  0 1 2 0 0
       1.50910254      1.72286585     -1.23955483     -0.21564813  1 1 2 0 0
       9.71847169      6.20233887      6.40329592       5.6861064  0 2 2 0 0
     -0.388834462    -0.414362969      1.36345685     -0.43004554  0 0 3 0 0
       1.85786821      2.18017751     -4.11108979       1.5645117  1 0 3 0 0
    -0.0440572679    -0.784400742      1.95759262     -0.38246167  0 1 3 0 0
       -1.2394324      -1.2250303      3.34729829     -0.76687593  0 0 4 0 0
   -0.00425019758      1.07392722     -2.77639686   -0.0042417756  0 0 0 1 0
      0.893445267     0.186999547    -0.493339075     -0.04441045  1 0 0 1 0
     -0.272951227    -0.508809535      1.45635691     0.086053908  2 0 0 1 0
      0.710742589    -0.738323546      1.64182603      0.52241436  3 0 0 1 0
      0.078016941      0.34067091     -0.48315632      0.41413426  0 1 0 1 0
       2.66438971      4.29018776     -4.20159796      0.47388079  1 1 0 1 0
      -5.66484163      3.67084414     -17.4282982      -11.136996  2 1 0 1 0
       1.32002826     -24.1292225      30.3111336     -0.88990346  0 2 0 1 0
      -42.3462866     -187.396574      374.969572      -2.7864461  1 2 0 1 0
       9.33919595      39.9700529        17.64581       -42.09229  0 3 0 1 0
     -0.669175576    -0.467585508     0.925108256     0.038195859  0 0 1 1 0
       0.23862261      2.53738776     -5.75426132    -0.058650393  1 0 1 1 0
      -2.17030349      1.23042119     -3.13167672      -1.5880685  2 0 1 1 0
      -7.37354994     -10.7128574      8.52211961      -2.2175904  0 1 1 1 0
       24.3252851       1.8349112      28.2390139        25.78831  1 1 1 1 0
       58.6520702      356.036358     -721.239737       10.939614  0 2 1 1 0
       0.42215282     -3.03754139      5.84406538     0.052495298  0 0 2 1 0
       1.21788238      1.75228811     0.985459513       1.3806102  1 0 2 1 0
      -29.4977839     -28.5469525     -9.91303174      -19.635194  0 1 2 1 0
       1.09337551     -2.70190271     -1.61902124      0.13196553  0 0 3 1 0
     0.0256021246     -1.04514861     0.375303928     -0.21911743  0 0 0 2 0
      -2.61178961     -4.33502966      3.70544873     -0.40577657  1 0 0 2 0
       7.22019388     0.450361009      14.1038973       8.9348505  2 0 0 2 0
      -6.55516482      40.1024703     -59.3172891      0.37556538  0 1 0 2 0
       89.3170128      294.839993     -567.395986      0.19271168  1 1 0 2 0
      -94.2634799      347.232753     -495.947512      -105.93568  0 2 0 2 0
        7.5164393      9.89949252     -6.85714142       2.0153068  0 0 1 2 0
      -27.0548102     -8.07492469      -22.431889      -22.448747  1 0 1 2 0
       -131.59576     -622.158567      1291.70121        -14.3558  0 1 1 2 0
       30.6868988      29.4726442      5.77224771        18.16512  0 0 2 2 0
       7.15716255     -22.6622715      40.4727411       1.2321244  0 0 0 3 0
      -62.3141278     -172.060017       318.17654       2.0992991  1 0 0 3 0
       181.419897     -1019.81821      1109.53583       300.61972  0 1 0 3 0
       100.135092      385.201754     -823.829082       3.3531486  0 0 1 3 0
      -112.099756      829.240964     -720.222559      -205.81071  0 0 0 4 0
    6.3698762e-15   7.2936225e-15  -1.9197557e-14   -6.413301e-14  0 0 0 0 1
   -4.2873422e-15  -1.2709438e-15   5.9215704e-15   6.1128744e-14  1 0 0 0 1
   -7.7030694e-15  -4.8731569e-14   1.1021697e-13   1.1844332e-14  2 0 0 0 1
   -4.3390348e-15  -8.1388881e-15   3.5799488e-14   2.0411446e-14  3 0 0 0 1
    1.7236934e-13   4.2950781e-13  -8.8761499e-13  -2.1708767e-13  0 1 0 0 1
     4.601335e-14   8.4936301e-14  -1.9178592e-13  -1.0456082e-13  1 1 0 0 1
    1.0065484e-13   2.8292549e-13  -5.9446433e-13  -1.5014562e-13  2 1 0 0 1
   -2.7528738e-13  -7.1238332e-13   1.4807991e-12   4.3789415e-13  0 2 0 0 1
   -1.4913512e-13  -4.1181224e-13   8.5621203e-13   1.9800993e-13  1 2 0 0 1
   -5.2681442e-13  -1.3674321e-12   2.8600182e-12   7.5885749e-13  0 3 0 0 1
   -1.6660568e-14  -5.1984028e-14   9.8386937e-14   4.9948544e-15  0 0 1 0 1
   -3.5011271e-15   6.2496861e-14  -1.4413319e-13   5.9763393e-14  1 0 1 0 1
   -8.1513242e-14  -5.3531987e-14   7.6096291e-14   1.7947244e-13  2 0 1 0 1
    5.7612966e-14   1.2002414e-13  -1.9226145e-13   -1.376103e-13  0 1 1 0 1
    1.2373758e-13   3.1422627e-13   -6.386265e-13  -2.4577756e-13  1 1 1 0 1
    6.5892014e-14   7.7439144e-14  -1.0489322e-13  -1.6122959e-13  0 2 1 0 1
    6.2762862e-14   7.2732588e-14  -1.2980663e-13  -1.3310624e-13  0 0 2 0 1
    1.5399699e-14  -1.1672105e-14   7.2516258e-14  -7.3059254e-14  1 0 2 0 1
   -1.6823193e-13  -7.0684244e-13   1.5469508e-12   2.0104673e-13  0 1 2 0 1
    1.8724161e-13   4.8367352e-13  -9.8185053e-13  -3.3758252e-13  0 0 3 0 1
   -3.1019473e-13  -8.7289413e-13   1.8042534e-12   5.1275573e-13  0 0 0 1 1
   -1.5879876e-13   -3.263189e-13   7.0387182e-13   2.2646665e-13  1 0 0 1 1
   -1.8045937e-13  -4.3435176e-13   8.8743708e-13   3.0459302e-13  2 0 0 1 1
    2.8942839e-13   8.1675005e-13  -1.7035574e-12  -4.0885987e-13  0 1 0 1 1
    9.2374678e-14   2.9376689e-13  -6.4424017e-13  -7.8436192e-14  1 1 0 1 1
   -3.7507499e-13   -9.314476e-13    1.898262e-12   6.4128446e-13  0 2 0 1 1
   -1.7789532e-13  -2.5193182e-13    5.407658e-13   3.0065185e-13  0 0 1 1 1
   -1.8310414e-13  -5.5577964e-13   1.1202679e-12   3.6147943e-13  1 0 1 1 1
    1.4588865e-13   3.2089085e-13  -6.3158482e-13  -2.4109967e-13  0 1 1 1 1
   -3.5251039e-13  -9.2231175e-13   1.8845292e-12   5.9735346e-13  0 0 2 1 1
    2.4919119e-13   6.6696456e-13  -1.3579041e-12  -4.6231108e-13  0 0 0 2 1
    9.2852161e-14   1.8469611e-13  -3.6547572e-13   -1.468172e-13  1 0 0 2 1
   -2.0934597e-13  -6.3318451e-13   1.3426022e-12   3.4540846e-13  0 1 0 2 1
    1.5355298e-13   7.8172915e-13  -1.7290307e-12  -1.8207906e-13  0 0 1 2 1
   -1.0316687e-13    -4.10399e-13   8.6413735e-13   2.1181558e-13  0 0 0 3 1
   -1.2578541e-14  -1.5376374e-13   3.0205128e-13  -5.0247525e-16  0 0 0 0 2
    4.2858908e-14   1.2352697e-13  -2.8458102e-13   -6.888936e-14  1 0 0 0 2
   -8.2985309e-15  -1.1995155e-13   2.3219215e-13  -2.4735696e-14  2 0 0 0 2
   -1.6429006e-13  -3.5333908e-13   7.0524438e-13   2.6384185e-13  0 1 0 0 2
   -6.0870145e-15   9.7919435e-14  -2.4744765e-13   4.4191236e-14  1 1 0 0 2
    2.5421807e-13   7.6412968e-13  -1.6215656e-12   -3.635184e-13  0 2 0 0 2
   -2.9016852e-14  -1.4969939e-13   3.1217041e-13   7.2845852e-14  0 0 1 0 2
   -1.4029041e-13  -4.3201452e-13   8.8820998e-13   1.4068301e-13  1 0 1 0 2
    3.8125248e-14  -3.1513932e-14   1.0202499e-13  -7.4781667e-14  0 1 1 0 2
   -2.1418634e-13  -5.3708649e-13   1.0990746e-12   3.3296378e-13  0 0 2 0 2
   -9.7993546e-14   -3.125816e-13   6.8409211e-13   1.2209298e-13  0 0 0 1 2
    -3.957714e-14  -2.7179192e-13   6.3593401e-13  -1.5887972e-14  1 0 0 1 2
      1.24265e-13   4.6032522e-13  -9.9972083e-13  -1.8722905e-13  0 1 0 1 2
    3.2106164e-14   2.2031551e-13  -4.9760405e-13  -2.8234924e-14  0 0 1 1 2
    2.9469449e-14   8.1029169e-16   2.3818841e-14  -4.5383534e-14  0 0 0 2 2
   -1.4300029e-15  -7.2683892e-14   1.7367118e-13  -3.5954995e-14  0 0 0 0 3
   -9.3021522e-15  -6.8277537e-14    1.627795e-13  -3.7414009e-15  1 0 0 0 3
   -3.9987802e-15  -2.0773039e-14   4.2850236e-14   1.6387945e-14  0 1 0 0 3
    3.6163799e-16   8.7617747e-16  -7.6788916e-16  -8.7181811e-15  0 0 1 0 3
    7.4328748e-15   4.1931265e-14  -9.8575527e-14  -6.6721471e-15  0 0 0 1 3
     4.188095e-15   1.8557443e-14  -4.6279315e-14   8.4072845e-15  0 0 0 0 4